56097
23998
17633
28414
13614
3233
54733
5476
7008
4995
58902
2518
17534
28929
20959
51713
47174
13111
10295
4189
40968
63451
60895
4491
8273
10558
24619
57854
16960
42920
55159
7521
1382
7256
35936
14996
10489
25133
20472
17497
30128
13839
20016
47662
42768
40975
33840
24406
54086
44135
28595
29518
42050
23954
34009
50323
34513
58628
42641
51473
36013
32264
58994
37395
39521
29394
52392
50010
54528
7328
1972
19120
21167
21988
1247
63935
62963
35087
22806
51513
13686
51401
15495
55736
9820
49504
40523
44333
42596
17628
30270
13073
49893
23728
50469
23878
53123
37325
8352
42115
44653
10324
61235
285
32312
62482
64220
29739
32033
21490
15716
45719
7356
31211
35919
17176
15179
10906
61509
57776
28535
26243
5313
12892
49971
55782
36770
37558
27571
45122
14137
6689
55447
9837
6974
22223
6783
5658
51963
38817
27149
2143
19000
34505
33355
54920
51681
48534
290
47654
40774
28825
8361
46088
41717
58332
36334
12951
30355
63906
58074
44492
5059
47985
54329
12033
4672
61113
17691
56635
34394
44840
58779
53394
13809
26598
42778
65490
9596
43069
47608
50371
6358
55969
30923
48076
48766
1721
61027
13585
91
53565
58077
5150
36014
46871
17183
40687
42448
34875
31786
11306
14179
25029
64700
27989
51627
41943
27943
61224
19476
10016
46059
25834
449
11446
8374
49215
13167
3866
62800
13259
57431
55342
18409
27910
36677
35593
3061
13589
4932
34847
24895
19111
59877
24059
47100
45968
466
9508
41656
19942
19524
22179
45777
19973
33625
54151
3653
46793
58017
917
60052
49913
56259
12925
12287
27400
48518
15348
40989
53450
50195
348
7026
44536
24408
54126
24969
24874
63634
1089
44817
17622
23269
25058
37596
56894
13673
41249
38151
6155
42166
32667
56068
32890
45593
2819
60290
28575
18167
35744
16490
2826
36092
23516
47363
60500
12106
6796
19839
10205
7885
64656
27827
31154
24178
65423
22513
37851
41136
60664
44006
17767
27796
34538
50657
7853
37357
45411
36428
55524
15619
52918
58351
51712
10898
40178
46676
23005
46974
979
33210
54859
99
61037
20478
24277
60925
42991
62129
36525
38119
40599
54292
379
9602
39413
8232
46959
19289
44661
36948
34908
32043
29763
21084
42942
4405
2225
411
51379
3204
33621
40702
3304
29122
61180
27581
24511
38635
24174
61037
11219
64774
49793
11598
8840
23671
19831
55799
42960
64492
27211
12332
30999
56974
33417
8405
61379
35642
8816
47222
38846
42437
22389
42150
6024
18033
4196
30535
56669
28370
26036
2352
27608
10294
13950
36448
33965
33781
26712
11389
32737
53923
23721
63737
45362
57138
6606
41205
27244
15423
22892
555
57860
45281
42705
63884
63314
46901
28884
54447
9736
54920
56799
37344
65214
5214
8257
33643
38995
34969
45032
6197
23356
3218
4398
3182
60356
11004
44388
22065
26427
1744
22620
18752
47025
65325
17100
44803
46691
45984
33715
56427
35369
24978
28235
35047
30192
36492
3155
3652
5925
48187
9849
29282
51405
14247
32464
46226
25251
11316
2755
51679
13060
25375
4895
60085
25164
21995
39353
6319
2444
7532
62746
37813
32510
25446
7324
62703
61938
10479
819
2328
58667
10668
31610
44536
24915
64074
25226
50166
9855
27981
36309
22915
53356
41204
17465
12985
63200
56818
19304
108
64350
16515
37921
31324
41961
45245
28491
38363
55725
29310
40691
48856
39978
6765
27856
64893
5304
53083
49524
15159
15528
20297
38074
3349
61502
55539
16334
59166
46821
35638
59274
45635
52153
31659
11424
28578
11368
39915
1406
1557
3690
42097
50413
43668
48863
12734
43026
54167
281
27014
3790
15809
47311
41864
19158
43277
31868
35492
36907
13153
5595
30645
58789
57748
62304
4677
20791
8137
44592
22197
9694
48282
64294
60108
26415
47621
7306
3905
36252
7587
30919
40042
23396
12694
16371
42555
55972
48239
12511
27343
61392
18106
57989
54645
10319
54757
59322
31110
62894
38379
53307
7053
21125
52065
1625
47540
34151
8931
51445
4867
16518
16828
44910
39914
29523
61281
16933
19959
43984
29445
47302
39840
47551
39755
28950
57870
28977
22736
23444
26335
61115
11215
33388
16705
63281
35013
64245
31896
43944
50155
36763
60462
1447
16137
34841
30970
11882
51774
50929
55866
15683
32696
30171
63235
6915
59121
55569
35892
16321
13478
62228
11901
24693
30080
28606
22438
65094
27315
54334
43502
11934
25562
38429
13382
41699
7734
44352
53582
59508
29746
43912
9656
62442
8547
7355
3821
2132
62924
39714
18454
10866
36406
30355
35560
950
58961
57998
508
20740
46797
44011
32675
6823
16904
46057
48522
24638
24873
36568
18610
54619
14945
28266
51525
23492
35621
55347
25625
33010
29525
44079
43876
395
8898
13900
1345
2323
6363
1854
23063
53160
45865
55738
59983
62769
36259
42969
21871
61133
14002
40481
50216
28947
3212
36206
52439
38833
26017
12528
6307
55542
56607
50184
55937
65505
64084
57282
2292
4911
59136
25356
58071
39465
15558
52518
36698
51818
29952
58569
47415
43954
33515
32095
7365
36727
2765
59804
10024
28782
6797
16332
18788
63404
980
9189
63374
65064
936
130
4440
60072
25486
62511
34002
41045
49494
5164
27327
13910
63734
9206
57864
31713
41301
65229
2904
44067
59497
12928
7313
758
29260
26102
64163
30240
35291
62001
29769
36227
62131
34209
30764
22082
31184
64766
63127
15142
4394
24918
29052
2592
34124
21380
34305
9889
21073
37209
53956
15035
50138
61270
15793
13862
21836
14420
44103
57127
10885
8336
27819
7481
42545
58583
29563
8193
57813
27154
23336
62207
52072
52388
64800
20660
8233
33569
30549
29306
5243
18970
44341
55381
14704
60135
3707
36540
9019
47810
28131
19905
56146
55950
27386
33155
48997
56949
41349
41274
18567
64685
37946
5103
51537
37210
25763
59770
5243
56312
23541
10486
9746
2346
331
24450
62481
4039
60990
5965
51849
23586
25870
42460
14000
53256
10079
62998
44669
51428
38736
63236
50577
11146
2803
36579
48356
28566
30813
53600
19342
54354
64086
29089
56701
64418
53539
53646
2921
48994
59611
54770
7044
19945
31694
21044
7665
41774
18506
52334
27666
57243
50034
12708
2853
52837
49287
51210
15867
14564
39274
35210
3383
37824
64299
60084
36706
52302
48194
39627
35760
42270
28862
42804
62215
60556
63849
4345
